[0. 0. 0. 0. 1. 0. 0. 0. 0. 0. 1. 0. 0. 0. 0. 0. 0. 0. 0. 1. 0. 1. 0. 0. 0. 0. 0. 0. 0.]
[0. 0. 1. 0. 0. 0. 0. 0. 0. 0. 0. 0. 0. 1. 0. 0. 0. 0. 0. 0. 1. 1. 0. 1. 0. 0. 0. 1. 0.]
[0. 0. 0. 0. 0. 0. 0. 0. 0. 0. 0. 0. 0. 0. 0. 0. 0. 1. 0. 1. 0. 0. 0. 0. 0. 0. 0. 1. 0.]
[0. 0. 0. 0. 0. 0. 1. 0. 0. 1. 1. 0. 0. 1. 0. 0. 0. 0. 0. 0. 0. 0. 0. 0. 0. 0. 0. 0. 0.]
[0. 0. 0. 0. 0. 0. 0. 0. 0. 0. 0. 0. 0. 0. 0. 0. 0. 0. 0. 0. 0. 0. 0. 0. 0. 0. 0. 0. 0.]
[1. 0. 0. 0. 0. 0. 0. 0. 0. 0. 1. 1. 0. 0. 0. 1. 0. 0. 0. 0. 0. 0. 0. 0. 0. 1. 0. 0. 0.]
[0. 1. 1. 0. 1. 0. 0. 1. 0. 0. 0. 0. 0. 0. 1. 0. 0. 0. 1. 0. 0. 1. 0. 0. 0. 0. 0. 0. 0.]
[1. 1. 0. 1. 1. 0. 0. 0. 0. 1. 0. 0. 0. 0. 0. 1. 0. 0. 0. 1. 0. 0. 0. 0. 0. 0. 0. 0. 0.]
[0. 0. 1. 0. 0. 0. 1. 0. 0. 0. 1. 0. 0. 0. 0. 0. 0. 1. 0. 1. 0. 0. 0. 1. 1. 1. 0. 0. 0.]
[0. 0. 0. 0. 0. 0. 0. 0. 1. 0. 1. 0. 0. 1. 0. 1. 0. 0. 0. 0. 0. 0. 0. 0. 0. 1. 0. 0. 0.]
[0. 0. 1. 1. 1. 0. 0. 0. 0. 1. 1. 0. 1. 1. 1. 0. 0. 0. 1. 0. 0. 0. 0. 0. 0. 1. 0. 0. 0.]
[0. 0. 0. 0. 0. 0. 0. 0. 1. 0. 0. 0. 1. 0. 0. 0. 0. 0. 0. 0. 1. 0. 0. 0. 1. 0. 0. 0. 0.]
[0. 0. 0. 1. 0. 1. 0. 1. 0. 0. 0. 0. 0. 0. 1. 0. 0. 1. 0. 0. 0. 0. 0. 0. 1. 0. 1. 1. 0.]
[0. 0. 1. 0. 0. 1. 0. 0. 0. 1. 0. 0. 0. 0. 0. 0. 0. 0. 0. 0. 0. 0. 1. 0. 0. 0. 0. 0. 0.]
[0. 1. 0. 0. 0. 0. 0. 0. 0. 0. 0. 1. 0. 0. 0. 0. 0. 0. 1. 0. 0. 0. 0. 0. 0. 0. 0. 1. 0.]
[1. 1. 0. 1. 0. 1. 0. 0. 0. 0. 0. 0. 0. 0. 0. 0. 1. 0. 1. 0. 0. 0. 0. 1. 1. 0. 0. 1. 1.]
[0. 0. 1. 0. 1. 0. 0. 0. 1. 0. 0. 1. 0. 0. 1. 0. 0. 1. 0. 0. 1. 0. 0. 0. 0. 0. 0. 0. 0.]
[1. 0. 1. 0. 0. 1. 1. 1. 0. 0. 0. 1. 0. 0. 0. 1. 0. 0. 1. 0. 1. 1. 0. 0. 1. 1. 0. 0. 0.]
[1. 0. 0. 0. 0. 0. 0. 0. 1. 0. 0. 0. 0. 0. 1. 0. 0. 0. 0. 0. 1. 1. 0. 1. 0. 0. 0. 0. 0.]
[0. 0. 1. 0. 0. 0. 0. 0. 0. 0. 0. 0. 0. 1. 1. 0. 0. 0. 0. 1. 1. 0. 0. 0. 0. 0. 0. 0. 0.]
[0. 0. 0. 0. 0. 0. 0. 0. 0. 0. 0. 0. 0. 0. 0. 0. 0. 0. 0. 0. 0. 0. 0. 0. 0. 0. 0. 0. 0.]
[0. 1. 0. 0. 0. 0. 0. 0. 1. 0. 0. 0. 1. 0. 0. 0. 0. 0. 0. 0. 0. 0. 0. 0. 0. 1. 0. 0. 0.]
[0. 1. 0. 1. 0. 0. 0. 0. 0. 0. 0. 0. 0. 1. 0. 0. 1. 0. 0. 0. 0. 1. 0. 0. 0. 0. 0. 0. 0.]
[0. 1. 0. 0. 0. 1. 0. 0. 1. 0. 0. 0. 1. 0. 0. 0. 0. 1. 0. 0. 0. 0. 0. 0. 0. 0. 1. 0. 1.]
[0. 0. 0. 1. 0. 0. 0. 0. 0. 1. 0. 0. 1. 0. 0. 0. 1. 0. 0. 1. 0. 0. 1. 0. 0. 0. 0. 1. 0.]
[0. 0. 0. 0. 0. 0. 0. 0. 0. 0. 0. 0. 0. 0. 1. 0. 0. 0. 0. 0. 1. 0. 0. 0. 0. 0. 0. 1. 1.]
[0. 0. 0. 0. 0. 0. 0. 0. 0. 0. 0. 0. 0. 0. 0. 0. 0. 0. 0. 0. 0. 0. 0. 0. 0. 0. 0. 0. 0.]
[0. 0. 0. 0. 0. 0. 0. 0. 0. 1. 0. 0. 0. 0. 1. 0. 0. 0. 0. 0. 1. 0. 0. 0. 1. 0. 1. 0. 1.]
[0. 0. 1. 0. 1. 0. 0. 0. 0. 1. 1. 0. 1. 0. 0. 0. 0. 0. 1. 1. 1. 1. 0. 0. 1. 0. 0. 0. 1.]
[0. 1. 0. 1. 1. 0. 1. 1. 0. 0. 0. 1. 1. 0. 0. 0. 0. 1. 1. 0. 1. 0. 0. 0. 1. 0. 0. 0. 0.]
[0. 0. 0. 0. 1. 0. 0. 0. 0. 1. 0. 0. 0. 0. 0. 0. 0. 0. 0. 0. 0. 0. 0. 0. 0. 0. 1. 0. 0.]
[0. 0. 0. 0. 1. 1. 0. 0. 0. 0. 0. 0. 1. 0. 0. 1. 1. 1. 0. 1. 1. 0. 0. 0. 1. 1. 0. 1. 1.]
[1. 0. 0. 0. 1. 0. 1. 0. 0. 1. 0. 0. 0. 1. 0. 0. 1. 0. 1. 0. 0. 1. 0. 0. 1. 0. 0. 0. 1.]
[0. 0. 1. 0. 0. 0. 0. 0. 0. 0. 0. 0. 0. 1. 1. 0. 1. 1. 1. 0. 0. 0. 1. 0. 1. 0. 0. 0. 1.]
[0. 0. 0. 1. 1. 0. 1. 0. 1. 0. 0. 1. 1. 0. 0. 0. 0. 1. 1. 0. 0. 0. 1. 0. 1. 0. 0. 0. 0.]
[0. 1. 0. 0. 0. 0. 0. 1. 0. 1. 0. 0. 0. 0. 0. 0. 0. 0. 0. 1. 0. 0. 0. 0. 0. 0. 0. 0. 0.]
[0. 0. 0. 1. 0. 0. 0. 1. 0. 0. 0. 0. 1. 1. 0. 0. 0. 0. 0. 1. 0. 0. 0. 0. 0. 1. 0. 1. 0.]
[0. 0. 1. 0. 0. 0. 0. 0. 0. 0. 0. 0. 0. 0. 0. 0. 0. 0. 0. 0. 0. 0. 0. 0. 0. 0. 0. 0. 0.]
[0. 0. 0. 0. 0. 0. 0. 0. 0. 1. 1. 1. 0. 0. 0. 1. 0. 1. 0. 0. 0. 1. 0. 0. 0. 0. 0. 1. 0.]
[1. 0. 0. 0. 0. 0. 0. 0. 0. 0. 0. 1. 1. 0. 0. 0. 0. 0. 0. 0. 0. 1. 0. 0. 0. 0. 0. 0. 0.]
[0. 0. 0. 0. 0. 1. 0. 0. 0. 0. 0. 0. 0. 0. 0. 0. 0. 1. 0. 0. 0. 1. 0. 0. 0. 0. 0. 1. 0.]
[1. 0. 0. 1. 0. 1. 0. 0. 0. 0. 0. 1. 0. 0. 1. 1. 0. 0. 0. 0. 0. 0. 0. 0. 0. 0. 0. 0. 1.]
[0. 1. 0. 0. 0. 0. 0. 0. 1. 0. 1. 0. 0. 0. 0. 1. 0. 0. 0. 1. 1. 0. 0. 0. 0. 0. 1. 0. 0.]
[1. 0. 1. 1. 1. 0. 0. 0. 0. 1. 0. 0. 0. 0. 1. 0. 0. 0. 0. 0. 0. 1. 0. 0. 0. 0. 1. 0. 0.]
[0. 1. 0. 1. 0. 0. 0. 0. 0. 0. 0. 1. 0. 0. 0. 0. 0. 1. 1. 0. 0. 0. 0. 1. 0. 1. 1. 0. 0.]
[0. 0. 0. 1. 0. 0. 0. 0. 1. 0. 0. 0. 1. 0. 1. 0. 1. 0. 0. 0. 0. 0. 0. 1. 1. 0. 0. 0. 0.]
[1. 0. 1. 0. 0. 0. 1. 0. 0. 1. 1. 0. 0. 1. 1. 0. 1. 1. 0. 0. 0. 0. 0. 1. 1. 0. 0. 0. 0.]
[0. 0. 0. 0. 0. 1. 0. 0. 0. 0. 0. 0. 0. 0. 0. 0. 0. 0. 0. 1. 0. 0. 0. 0. 0. 1. 0. 0. 0.]
[1. 0. 1. 1. 0. 0. 1. 0. 0. 0. 1. 0. 1. 0. 0. 0. 1. 1. 0. 1. 0. 1. 0. 0. 0. 0. 0. 0. 0.]
[0. 1. 0. 0. 0. 1. 1. 1. 1. 1. 0. 0. 1. 0. 1. 1. 0. 0. 0. 0. 1. 0. 0. 0. 0. 0. 0. 0. 0.]
6 - 276
6 - 58
6 - 273
9 - 292
9 - 148
15 - 120
15 - 68
15 - 307
15 - 281
16 - 278
16 - 171
16 - 131
24 - 192
24 - 50
24 - 64
24 - 300
25 - 78
25 - 108
25 - 283
25 - 236
27 - 247
27 - 233
27 - 131
28 - 32
28 - 221
31 - 130
31 - 176
32 - 257
35 - 155
36 - 155
36 - 174
41 - 152
41 - 276
41 - 306
47 - 247
49 - 265
49 - 115
50 - 128
50 - 291
50 - 67
50 - 245
51 - 249
51 - 280
51 - 269
51 - 243
51 - 214
57 - 247
58 - 275
58 - 194
59 - 140
59 - 311
60 - 233
62 - 219
62 - 132
62 - 271
63 - 181
64 - -1
67 - -1
68 - 234
68 - 216
68 - 273
73 - 220
77 - 152
77 - 100
78 - 145
78 - 240
80 - 296
80 - 122
80 - 95
80 - 275
84 - 205
93 - 152
95 - -1
96 - 177
96 - 240
96 - 131
98 - 255
98 - 122
98 - 216
99 - -1
100 - 303
103 - 234
103 - 303
105 - 211
105 - 212
105 - 249
106 - 243
107 - 162
107 - 112
108 - 269
112 - 260
112 - 256
114 - 146
114 - 185
114 - 174
114 - 148
115 - 186
115 - 265
116 - 300
116 - 228
116 - 209
120 - 199
120 - 181
121 - 175
121 - 240
121 - 148
122 - 287
128 - -1
129 - 273
130 - -1
131 - 220
131 - 181
132 - 234
134 - 167
136 - 269
136 - 282
136 - 307
137 - 307
140 - 143
140 - 258
140 - 310
140 - 142
142 - 159
143 - 313
145 - 281
145 - 214
145 - 211
146 - 159
146 - 287
146 - 274
146 - 305
146 - 273
148 - 237
148 - 157
148 - 181
150 - 233
152 - 209
153 - 212
153 - 216
154 - -1
155 - -1
157 - -1
159 - 199
159 - 176
162 - 276
167 - 233
169 - -1
170 - 230
170 - 271
171 - 198
174 - 280
174 - 222
175 - 265
176 - 231
177 - 291
178 - 269
181 - 238
182 - 291
183 - 259
184 - 300
185 - 307
185 - 306
186 - 210
192 - 307
194 - 220
194 - 273
195 - 259
195 - 250
197 - 219
198 - 230
199 - 216
205 - 267
206 - -1
208 - -1
209 - -1
210 - 292
211 - -1
212 - 251
214 - 267
216 - -1
219 - 236
220 - 260
220 - 271
221 - -1
222 - 235
226 - -1
228 - -1
229 - -1
230 - 251
231 - -1
233 - -1
234 - -1
235 - 263
236 - -1
237 - 245
238 - 251
239 - -1
240 - 291
241 - 256
242 - -1
243 - 255
244 - -1
245 - -1
247 - -1
249 - 300
250 - -1
251 - 273
255 - 280
256 - -1
257 - -1
258 - -1
259 - -1
260 - 296
261 - -1
263 - -1
265 - -1
267 - -1
269 - -1
271 - -1
273 - -1
274 - -1
275 - 303
276 - -1
278 - -1
280 - -1
281 - 289
282 - -1
283 - -1
287 - -1
289 - -1
291 - -1
292 - 303
293 - -1
296 - -1
300 - 303
302 - -1
303 - -1
305 - -1
306 - -1
307 - -1
310 - -1
311 - -1
312 - -1
313 - -1
314 - -1

0 - 5
1 - 69
1 - 104
2 - 279
2 - 65
3 - 66
3 - 166
4 - 254
4 - 204
4 - 262
5 - 54
5 - 38
7 - 298
7 - 26
8 - 37
8 - 86
8 - 180
8 - 79
10 - 264
10 - 37
10 - 126
11 - 109
11 - 160
12 - 37
12 - 232
12 - 158
13 - 286
13 - 315
14 - 315
14 - 90
14 - 288
14 - 76
17 - 180
17 - 218
17 - 111
18 - 188
18 - 89
18 - 23
18 - 264
19 - 172
19 - 299
19 - 97
20 - 53
21 - 156
22 - 79
22 - 179
23 - 126
23 - 127
23 - 65
26 - 190
29 - 119
29 - 101
29 - 285
30 - 40
33 - 70
33 - 86
34 - 104
34 - 252
34 - 264
37 - 38
37 - 48
37 - 272
38 - 202
38 - 125
39 - 270
39 - 232
40 - 125
40 - 172
40 - 92
40 - 158
40 - 309
40 - 298
40 - 264
40 - 124
42 - 52
42 - 180
43 - 76
44 - 113
44 - 309
45 - 124
46 - 125
48 - 165
52 - 165
53 - 92
53 - 54
53 - 117
54 - 70
54 - 102
55 - 126
55 - 295
55 - 204
56 - 294
56 - 141
56 - 264
61 - 144
65 - 110
65 - 288
65 - 299
66 - 225
69 - 190
70 - -1
71 - 253
71 - 126
72 - 294
74 - 118
75 - 202
75 - 133
75 - 200
76 - 83
76 - 189
79 - 89
81 - 97
82 - 187
82 - 284
82 - 124
83 - 111
83 - 139
85 - 138
85 - 110
86 - 248
87 - 308
87 - 123
87 - 164
88 - 90
88 - 297
88 - 294
88 - 196
88 - 125
89 - 201
89 - 135
90 - 151
91 - 118
91 - 301
91 - 284
92 - 193
92 - 97
94 - 246
94 - 223
94 - 166
97 - 270
101 - 215
102 - 168
104 - 315
104 - 299
109 - 117
110 - 126
110 - 200
110 - 163
111 - 253
111 - 232
111 - 126
113 - 168
117 - 217
117 - 262
117 - 124
118 - 144
119 - 286
123 - 189
124 - 308
125 - 172
125 - 190
126 - 139
126 - 151
127 - 309
127 - 277
133 - -1
135 - 160
135 - 189
138 - 264
138 - 268
139 - 268
139 - 223
139 - 151
141 - 252
144 - 246
144 - 202
147 - 299
149 - 224
151 - 301
151 - 187
151 - 218
156 - 232
158 - 248
158 - 191
160 - 196
160 - 193
161 - 299
161 - 217
161 - 196
163 - 304
163 - 298
164 - 223
164 - 262
164 - 309
165 - 196
166 - 213
168 - 309
172 - -1
173 - 253
173 - 207
179 - 227
179 - 196
180 - 227
187 - 304
187 - 286
188 - -1
189 - 223
190 - -1
191 - -1
193 - -1
196 - -1
200 - 295
200 - 290
201 - -1
202 - -1
203 - 224
203 - 286
204 - -1
207 - 309
213 - 309
215 - 262
217 - 288
218 - 225
218 - 268
223 - 279
224 - 298
225 - 248
227 - -1
232 - 295
246 - -1
248 - 301
252 - 279
253 - -1
254 - -1
262 - 309
264 - -1
266 - 294
268 - -1
270 - -1
272 - 315
277 - -1
279 - -1
284 - 308
285 - 304
286 - -1
288 - 298
290 - -1
294 - -1
295 - -1
297 - 304
298 - -1
299 - -1
301 - -1
304 - -1
308 - -1
309 - -1
315 - -1

