[0. 0. 0. 0. 0. 0. 0. 0. 0. 0. 0. 0. 0. 0. 0. 0. 0.]
[0. 0. 0. 1. 0. 1. 1. 0. 0. 1. 1. 0. 0. 1. 1. 1. 0.]
[0. 0. 0. 0. 0. 0. 0. 0. 0. 0. 1. 0. 1. 0. 0. 1. 0.]
[0. 0. 0. 0. 1. 1. 0. 1. 1. 1. 0. 0. 1. 0. 1. 0. 0.]
[0. 0. 0. 0. 1. 0. 0. 0. 1. 1. 1. 1. 1. 1. 1. 1. 0.]
[0. 1. 1. 1. 0. 0. 0. 1. 0. 1. 0. 0. 0. 1. 0. 1. 1.]
[0. 1. 0. 1. 0. 1. 0. 0. 0. 0. 1. 1. 1. 0. 0. 0. 0.]
[1. 0. 1. 1. 0. 0. 0. 1. 0. 1. 0. 0. 0. 1. 0. 0. 0.]
[0. 1. 0. 0. 0. 1. 1. 0. 1. 0. 1. 1. 1. 1. 0. 1. 1.]
[1. 1. 0. 0. 1. 1. 0. 1. 1. 1. 0. 1. 1. 1. 0. 0. 0.]
[0. 0. 0. 0. 0. 0. 0. 0. 0. 0. 0. 0. 0. 0. 0. 0. 0.]
[1. 0. 1. 1. 0. 1. 1. 0. 0. 0. 1. 1. 1. 0. 0. 1. 0.]
[0. 0. 1. 0. 0. 0. 1. 0. 0. 0. 0. 1. 0. 1. 1. 0. 1.]
[0. 0. 1. 1. 0. 1. 1. 0. 0. 1. 0. 0. 1. 1. 1. 0. 0.]
[0. 0. 0. 0. 0. 0. 0. 0. 0. 0. 0. 0. 0. 0. 0. 0. 0.]
[0. 0. 0. 1. 0. 1. 0. 0. 0. 1. 0. 0. 1. 0. 0. 0. 0.]
[1. 0. 1. 0. 0. 0. 0. 0. 0. 0. 0. 0. 1. 0. 1. 0. 0.]
[0. 0. 1. 1. 0. 0. 0. 1. 0. 0. 1. 1. 1. 0. 1. 0. 0.]
1 - 71
1 - 101
1 - 79
1 - 4
1 - 47
3 - 42
3 - 80
3 - 71
3 - 63
4 - 75
6 - 98
6 - 93
7 - 50
7 - 82
7 - 75
10 - 57
12 - 47
12 - 98
12 - 50
15 - 82
15 - 23
17 - 104
19 - 70
19 - 91
21 - 89
21 - 69
21 - 91
21 - 97
22 - 89
23 - 50
23 - 75
23 - 87
23 - 57
23 - 29
23 - 63
25 - 73
25 - 91
26 - 80
26 - 62
26 - 37
27 - 77
27 - 42
27 - 104
29 - 51
29 - 104
29 - 30
30 - 95
30 - 82
30 - 85
31 - 94
31 - 71
31 - 45
31 - 52
32 - 84
32 - 102
33 - 46
34 - 71
34 - 98
35 - 63
37 - 99
37 - 61
37 - 52
37 - 50
38 - 97
38 - 49
38 - 43
38 - 88
39 - 45
42 - 44
42 - 97
42 - 46
43 - -1
44 - 91
45 - 46
46 - 52
46 - 81
47 - -1
49 - 80
49 - 89
49 - 98
50 - 66
50 - 91
50 - 88
51 - -1
52 - -1
56 - 71
57 - 85
61 - -1
62 - -1
63 - 98
63 - 66
63 - 102
64 - -1
66 - -1
67 - 104
69 - 104
69 - 89
70 - 92
71 - 93
73 - 84
74 - -1
75 - 89
77 - 86
79 - -1
80 - -1
81 - -1
82 - -1
83 - 98
84 - -1
85 - 102
85 - 95
86 - -1
87 - 95
88 - -1
89 - -1
91 - -1
92 - -1
93 - 94
93 - 101
94 - -1
95 - -1
97 - -1
98 - -1
99 - -1
101 - -1
102 - -1
103 - -1
104 - -1

0 - 54
0 - 72
2 - 5
2 - 76
5 - -1
8 - 60
8 - 28
9 - 28
9 - 53
9 - 14
11 - 24
13 - 18
14 - 78
14 - 100
16 - 48
16 - 72
18 - 20
20 - 68
20 - 54
24 - 53
28 - -1
36 - 41
36 - 100
40 - 90
41 - 72
48 - -1
53 - 60
54 - -1
55 - 58
58 - 78
59 - 76
59 - 96
60 - 90
65 - 78
68 - 72
72 - 96
72 - 100
76 - 78
78 - 96
78 - 90
90 - -1
96 - -1
100 - -1

